0	-350	-350	･	0
1	-345	-345	･	0
2	-340	-340	･	0
3	-335	-335	･	0
4	-330	-330	0	0
5	-325	-325	1	1
6	-320	-320	2	2
7	-315	-315	3	3
8	-310	-310	4	4
9	-305	-305	5	5
10	-300	-300	6	6
11	-295	-295	7	7
12	-290	-290	8	8
13	-285	-285	9	9
14	-280	-280	10	10
15	-275	-275	11	11
16	-270	-270	12	12
17	-265	-265	13	13
18	-260	-260	14	14
19	-255	-255	15	15
20	-250	-250	16	16
21	-245	-245	17	17
22	-240	-240	18	18
23	-235	-235	19	19
24	-230	-230	20	20
25	-225	-225	21	21
26	-220	-220	22	22
27	-215	-215	23	23
28	-210	-210	24	24
29	-205	-205	25	25
30	-200	-200	26	26
31	-195	-195	27	27
32	-190	-190	28	28
33	-185	-185	29	29
34	-180	-180	30	30
35	-175	-175	31	31
36	-170	-170	32	32
37	-165	-165	33	33
38	-160	-160	34	34
39	-155	-155	35	35
40	-150	-150	36	36
41	-145	-145	37	37
42	-140	-140	38	38
43	-135	-135	39	39
44	-130	-130	40	40
45	-125	-125	41	41
46	-120	-120	42	42
47	-115	-115	43	43
48	-110	-110	44	44
49	-105	-105	45	45
50	-100	-100	46	46
51	-95	-95	47	47
52	-90	-90	48	48
53	-85	-85	49	49
54	-80	-80	50	50
55	-75	-75	51	51
56	-70	-70	52	52
57	-65	-65	53	53
58	-60	-60	54	54
59	-55	-55	55	55
60	-50	-50	56	56
61	-45	-45	57	57
62	-40	-40	58	58
63	-35	-35	59	59
64	-30	-30	60	60
65	-25	-25	61	61
66	-20	-20	62	62
67	-15	-15	63	63
68	-10	-10	64	64
69	-5	-5	65	65
70	0	0	66	66
71	1	1	67	67
72	2	2	68	68
73	3	3	69	69
74	4	4	70	70
75	5	5	71	71
76	6	6	72	72
77	7	7	73	73
78	8	8	74	74
79	9	9	75	75
80	10	10	76	76
81	11	11	77	77
82	12	12	78	78
83	13	13	79	79
84	14	14	80	80
85	15	15	81	81
86	16	16	82	82
87	17	17	83	83
88	18	18	84	84
89	19	19	85	85
90	20	20	86	86
91	25	25	87	87
92	30	30	88	88
93	35	35	89	89
94	40	40	90	90
95	45	45	91	91
96	50	50	92	92
97	55	55	93	93
98	60	60	94	94
99	65	65	95	95
100	70	70	96	96
101	75	75	97	97
102	80	80	98	98
103	85	85	99	99
104	90	90	100	100
105	95	95	101	101
106	100	100	102	102
107	105	105	103	103
108	110	110	104	104
109	115	115	105	105
110	120	120	106	106
111	125	125	107	107
112	130	130	108	108
113	135	135	109	109
114	140	140	110	110
115	145	145	111	111
116	150	150	112	112
117	155	155	113	113
118	160	160	114	114
119	165	165	115	115
120	170	170	116	116
121	175	175	117	117
122	180	180	118	118
123	185	185	119	119
124	190	190	120	120
125	195	195	121	121
126	200	200	122	122
127	205	205	123	123
128	210	210	124	124
129	215	215	125	125
130	220	220	126	126
131	225	225	127	127
132	230	230	128	128
133	235	235	129	129
134	240	240	130	130
135	245	245	131	131
136	250	250	132	132
137	255	255	133	133
138	260	260	134	134
139	265	265	135	135
140	270	270	136	136
141	275	275	137	137
142	280	280	138	138
143	285	285	139	139
144	290	290	140	140
145	295	295	141	141
146	300	300	142	142
147	305	305	143	143
148	310	310	144	144
149	315	315	145	145
150	320	320	146	146
151	325	325	147	147
152	330	330	148	148
153	335	335	149	149
154	340	340	150	150
155	345	345	151	151
156	350	350	152	152
157	355	355	153	153
158	360	360	154	154
159	365	365	155	155
160	370	370	156	156
161	375	375	157	157
162	380	380	158	158
163	385	385	159	159
164	390	390	160	160
165	395	395	161	161
166	400	400	162	162
167	405	405	163	163
168	410	410	164	164
169	415	415	165	165
170	420	420	166	166
171	425	425	167	167
172	430	430	168	168
173	435	435	169	169
174	440	440	170	170
175	445	445	171	171
176	450	450	172	172
177	455	455	173	173
178	460	460	174	174
179	465	465	175	175
180	470	470	176	176
181	475	475	177	177
182	480	480	178	178
183	485	485	179	179
184	490	490	180	180
185	495	495	181	181
186	500	500	182	182
187	505	505	183	183
188	510	510	184	184
189	515	515	185	185
190	520	520	186	186
191	525	525	187	187
192	530	530	188	188
193	535	535	189	189
194	540	540	190	190
195	545	545	191	191
196	550	550	192	192
197	555	555	193	193
198	560	560	194	194
199	565	565	195	195
200	570	570	196	196
201	575	575	197	197
202	580	580	198	198
203	585	585	199	199
204	590	590	200	200
205	595	595	201	201
206	600	600	202	202
207	605	605	203	203
208	610	610	204	204
209	615	615	205	205
210	620	620	206	206
211	625	625	207	207
212	630	630	208	208
213	635	635	209	209
214	640	640	210	210
215	645	645	211	211
216	650	650	212	212
217	655	655	213	213
218	660	660	214	214
219	665	665	215	215
220	670	670	216	216
221	675	675	217	217
222	680	680	218	218
223	685	685	219	219
224	690	690	220	220
225	695	695	221	221
226	700	700	222	222
227	705	705	223	223
228	710	710	224	224
229	715	715	225	225
230	720	720	226	226
231	725	725	227	227
232	730	730	228	228
233	735	735	229	229
234	740	740	230	230
235	745	745	231	231
236	750	750	232	232
237	755	755	233	233
238	760	760	234	234
239	765	765	235	235
240	770	770	236	236
241	775	775	237	237
242	780	780	238	238
243	785	785	239	239
244	790	790	240	240
245	795	795	241	241
246	800	800	242	242
247	805	805	243	243
248	810	810	244	244
249	815	815	245	245
250	820	820	246	246
251	825	825	247	247
252	830	830	248	248
253	835	835	249	249
254	840	840	250	250
255	845	845	251	251
256	850	850	252	252
257	855	855	253	253
258	860	860	254	254
259	865	865	255	255
260	870	870	256	256
261	875	875	257	257
262	880	880	258	258
263	885	885	259	259
264	890	890	260	260
265	895	895	261	261
266	900	900	262	262
267	905	905	263	263
268	910	910	264	264
269	915	915	265	265
270	920	920	266	266
271	925	925	267	267
272	930	930	268	268
273	935	935	269	269
274	940	940	270	270
275	945	945	271	271
276	950	950	272	272
277	955	955	273	273
278	960	960	274	274
279	965	965	275	275
280	970	970	276	276
281	975	975	277	277
282	980	980	278	278
283	985	985	279	279
284	990	990	280	280
285	995	995	281	281
286	1,000	1000	282	282
287	1,005	1005	283	283
288	1,010	1010	284	284
289	1,015	1015	285	285
290	1,020	1020	286	286
291	1,025	1025	287	287
292	1,030	1030	288	288
293	1,035	1035	289	289
294	1,040	1040	290	290
295	1,045	1045	291	291
296	1,050	1050	292	292
297	1,055	1055	293	293
298	1,060	1060	294	294
299	1,065	1065	295	295
300	1,070	1070	296	296
301	1,075	1075	297	297
302	1,080	1080	298	298
303	1,085	1085	299	299
304	1,090	1090	300	300
305	1,095	1095	301	301
306	1,100	1100	302	302
307	1,105	1105	303	303
308	1,110	1110	304	304
309	1,115	1115	305	305
310	1,120	1120	306	306
311	1,125	1125	307	307
312	1,130	1130	308	308
313	1,135	1135	309	309
314	1,140	1140	310	310
315	1,145	1145	311	311
316	1,150	1150	312	312
317	1,155	1155	313	313
318	1,160	1160	314	314
319	1,165	1165	315	315
320	1,170	1170	316	316
321	1,175	1175	317	317
322	1,180	1180	318	318
323	1,185	1185	319	319
324	1,190	1190	320	320
325	1,195	1195	321	321
326	1,200	1200	322	322
327	1,205	1205	323	323
328	1,210	1210	324	324
329	1,215	1215	325	325
330	1,220	1220	326	326
331	1,225	1225	327	327
332	1,230	1230	328	328
333	1,235	1235	329	329
334	1,240	1240	330	330
335	1,245	1245	331	331
336	1,250	1250	332	332
337	1,255	1255	333	333
338	1,260	1260	334	334
339	1,265	1265	335	335
340	1,270	1270	336	336
341	1,275	1275	337	337
342	1,280	1280	338	338
343	1,285	1285	339	339
344	1,290	1290	340	340
345	1,295	1295	341	341
346	1,300	1300	342	342
347	1,305	1305	343	343
348	1,310	1310	344	344
349	1,315	1315	345	345
350	∞	0	∞	0